{
 "cells": [
  {
   "cell_type": "code",
   "execution_count": 58,
   "metadata": {},
   "outputs": [],
   "source": [
    "import numpy as np\n",
    "import pandas as pd\n",
    "from sklearn.decomposition import PCA\n",
    "import matplotlib.pyplot as plt\n",
    "import seaborn as sb"
   ]
  },
  {
   "cell_type": "code",
   "execution_count": 4,
   "metadata": {},
   "outputs": [],
   "source": [
    "train=pd.read_csv('PCA_data.csv')"
   ]
  },
  {
   "cell_type": "code",
   "execution_count": 5,
   "metadata": {},
   "outputs": [
    {
     "data": {
      "text/html": [
       "<div>\n",
       "<style scoped>\n",
       "    .dataframe tbody tr th:only-of-type {\n",
       "        vertical-align: middle;\n",
       "    }\n",
       "\n",
       "    .dataframe tbody tr th {\n",
       "        vertical-align: top;\n",
       "    }\n",
       "\n",
       "    .dataframe thead th {\n",
       "        text-align: right;\n",
       "    }\n",
       "</style>\n",
       "<table border=\"1\" class=\"dataframe\">\n",
       "  <thead>\n",
       "    <tr style=\"text-align: right;\">\n",
       "      <th></th>\n",
       "      <th>Year</th>\n",
       "      <th>C1</th>\n",
       "      <th>C2</th>\n",
       "      <th>C3</th>\n",
       "      <th>C4</th>\n",
       "      <th>C5</th>\n",
       "      <th>C6</th>\n",
       "      <th>C7</th>\n",
       "    </tr>\n",
       "  </thead>\n",
       "  <tbody>\n",
       "    <tr>\n",
       "      <td>count</td>\n",
       "      <td>20.00000</td>\n",
       "      <td>20.000000</td>\n",
       "      <td>20.000000</td>\n",
       "      <td>20.00000</td>\n",
       "      <td>20.000000</td>\n",
       "      <td>20.000000</td>\n",
       "      <td>20.000000</td>\n",
       "      <td>20.000000</td>\n",
       "    </tr>\n",
       "    <tr>\n",
       "      <td>mean</td>\n",
       "      <td>1976.50000</td>\n",
       "      <td>145.000000</td>\n",
       "      <td>51.300000</td>\n",
       "      <td>151.60000</td>\n",
       "      <td>43.900000</td>\n",
       "      <td>22.950000</td>\n",
       "      <td>19.200000</td>\n",
       "      <td>36.550000</td>\n",
       "    </tr>\n",
       "    <tr>\n",
       "      <td>std</td>\n",
       "      <td>5.91608</td>\n",
       "      <td>71.830942</td>\n",
       "      <td>39.127457</td>\n",
       "      <td>102.72672</td>\n",
       "      <td>32.119678</td>\n",
       "      <td>13.465257</td>\n",
       "      <td>10.133841</td>\n",
       "      <td>18.305809</td>\n",
       "    </tr>\n",
       "    <tr>\n",
       "      <td>min</td>\n",
       "      <td>1967.00000</td>\n",
       "      <td>76.000000</td>\n",
       "      <td>13.000000</td>\n",
       "      <td>31.00000</td>\n",
       "      <td>7.000000</td>\n",
       "      <td>7.000000</td>\n",
       "      <td>6.000000</td>\n",
       "      <td>15.000000</td>\n",
       "    </tr>\n",
       "    <tr>\n",
       "      <td>25%</td>\n",
       "      <td>1971.75000</td>\n",
       "      <td>89.000000</td>\n",
       "      <td>20.750000</td>\n",
       "      <td>62.75000</td>\n",
       "      <td>16.250000</td>\n",
       "      <td>11.000000</td>\n",
       "      <td>9.750000</td>\n",
       "      <td>19.750000</td>\n",
       "    </tr>\n",
       "    <tr>\n",
       "      <td>50%</td>\n",
       "      <td>1976.50000</td>\n",
       "      <td>112.000000</td>\n",
       "      <td>36.500000</td>\n",
       "      <td>132.50000</td>\n",
       "      <td>36.000000</td>\n",
       "      <td>18.000000</td>\n",
       "      <td>19.500000</td>\n",
       "      <td>31.000000</td>\n",
       "    </tr>\n",
       "    <tr>\n",
       "      <td>75%</td>\n",
       "      <td>1981.25000</td>\n",
       "      <td>188.000000</td>\n",
       "      <td>73.000000</td>\n",
       "      <td>245.75000</td>\n",
       "      <td>68.000000</td>\n",
       "      <td>37.000000</td>\n",
       "      <td>28.250000</td>\n",
       "      <td>51.500000</td>\n",
       "    </tr>\n",
       "    <tr>\n",
       "      <td>max</td>\n",
       "      <td>1986.00000</td>\n",
       "      <td>299.000000</td>\n",
       "      <td>136.000000</td>\n",
       "      <td>319.00000</td>\n",
       "      <td>106.000000</td>\n",
       "      <td>46.000000</td>\n",
       "      <td>34.000000</td>\n",
       "      <td>73.000000</td>\n",
       "    </tr>\n",
       "  </tbody>\n",
       "</table>\n",
       "</div>"
      ],
      "text/plain": [
       "             Year          C1          C2         C3          C4         C5  \\\n",
       "count    20.00000   20.000000   20.000000   20.00000   20.000000  20.000000   \n",
       "mean   1976.50000  145.000000   51.300000  151.60000   43.900000  22.950000   \n",
       "std       5.91608   71.830942   39.127457  102.72672   32.119678  13.465257   \n",
       "min    1967.00000   76.000000   13.000000   31.00000    7.000000   7.000000   \n",
       "25%    1971.75000   89.000000   20.750000   62.75000   16.250000  11.000000   \n",
       "50%    1976.50000  112.000000   36.500000  132.50000   36.000000  18.000000   \n",
       "75%    1981.25000  188.000000   73.000000  245.75000   68.000000  37.000000   \n",
       "max    1986.00000  299.000000  136.000000  319.00000  106.000000  46.000000   \n",
       "\n",
       "              C6         C7  \n",
       "count  20.000000  20.000000  \n",
       "mean   19.200000  36.550000  \n",
       "std    10.133841  18.305809  \n",
       "min     6.000000  15.000000  \n",
       "25%     9.750000  19.750000  \n",
       "50%    19.500000  31.000000  \n",
       "75%    28.250000  51.500000  \n",
       "max    34.000000  73.000000  "
      ]
     },
     "execution_count": 5,
     "metadata": {},
     "output_type": "execute_result"
    }
   ],
   "source": [
    "train.describe()"
   ]
  },
  {
   "cell_type": "code",
   "execution_count": 6,
   "metadata": {},
   "outputs": [
    {
     "data": {
      "text/html": [
       "<div>\n",
       "<style scoped>\n",
       "    .dataframe tbody tr th:only-of-type {\n",
       "        vertical-align: middle;\n",
       "    }\n",
       "\n",
       "    .dataframe tbody tr th {\n",
       "        vertical-align: top;\n",
       "    }\n",
       "\n",
       "    .dataframe thead th {\n",
       "        text-align: right;\n",
       "    }\n",
       "</style>\n",
       "<table border=\"1\" class=\"dataframe\">\n",
       "  <thead>\n",
       "    <tr style=\"text-align: right;\">\n",
       "      <th></th>\n",
       "      <th>Year</th>\n",
       "      <th>C1</th>\n",
       "      <th>C2</th>\n",
       "      <th>C3</th>\n",
       "      <th>C4</th>\n",
       "      <th>C5</th>\n",
       "      <th>C6</th>\n",
       "      <th>C7</th>\n",
       "    </tr>\n",
       "  </thead>\n",
       "  <tbody>\n",
       "    <tr>\n",
       "      <td>0</td>\n",
       "      <td>1967</td>\n",
       "      <td>76</td>\n",
       "      <td>13</td>\n",
       "      <td>31</td>\n",
       "      <td>7</td>\n",
       "      <td>7</td>\n",
       "      <td>6</td>\n",
       "      <td>15</td>\n",
       "    </tr>\n",
       "    <tr>\n",
       "      <td>1</td>\n",
       "      <td>1968</td>\n",
       "      <td>88</td>\n",
       "      <td>14</td>\n",
       "      <td>34</td>\n",
       "      <td>10</td>\n",
       "      <td>8</td>\n",
       "      <td>7</td>\n",
       "      <td>19</td>\n",
       "    </tr>\n",
       "    <tr>\n",
       "      <td>2</td>\n",
       "      <td>1969</td>\n",
       "      <td>89</td>\n",
       "      <td>16</td>\n",
       "      <td>38</td>\n",
       "      <td>12</td>\n",
       "      <td>8</td>\n",
       "      <td>6</td>\n",
       "      <td>17</td>\n",
       "    </tr>\n",
       "    <tr>\n",
       "      <td>3</td>\n",
       "      <td>1970</td>\n",
       "      <td>89</td>\n",
       "      <td>18</td>\n",
       "      <td>44</td>\n",
       "      <td>13</td>\n",
       "      <td>9</td>\n",
       "      <td>7</td>\n",
       "      <td>19</td>\n",
       "    </tr>\n",
       "    <tr>\n",
       "      <td>4</td>\n",
       "      <td>1971</td>\n",
       "      <td>88</td>\n",
       "      <td>20</td>\n",
       "      <td>56</td>\n",
       "      <td>14</td>\n",
       "      <td>11</td>\n",
       "      <td>9</td>\n",
       "      <td>18</td>\n",
       "    </tr>\n",
       "  </tbody>\n",
       "</table>\n",
       "</div>"
      ],
      "text/plain": [
       "   Year  C1  C2  C3  C4  C5  C6  C7\n",
       "0  1967  76  13  31   7   7   6  15\n",
       "1  1968  88  14  34  10   8   7  19\n",
       "2  1969  89  16  38  12   8   6  17\n",
       "3  1970  89  18  44  13   9   7  19\n",
       "4  1971  88  20  56  14  11   9  18"
      ]
     },
     "execution_count": 6,
     "metadata": {},
     "output_type": "execute_result"
    }
   ],
   "source": [
    "train.head()"
   ]
  },
  {
   "cell_type": "code",
   "execution_count": 7,
   "metadata": {},
   "outputs": [
    {
     "name": "stdout",
     "output_type": "stream",
     "text": [
      "<class 'pandas.core.frame.DataFrame'>\n",
      "RangeIndex: 20 entries, 0 to 19\n",
      "Data columns (total 8 columns):\n",
      "Year    20 non-null int64\n",
      "C1      20 non-null int64\n",
      "C2      20 non-null int64\n",
      "C3      20 non-null int64\n",
      "C4      20 non-null int64\n",
      "C5      20 non-null int64\n",
      "C6      20 non-null int64\n",
      "C7      20 non-null int64\n",
      "dtypes: int64(8)\n",
      "memory usage: 1.4 KB\n"
     ]
    }
   ],
   "source": [
    "train.info()"
   ]
  },
  {
   "cell_type": "code",
   "execution_count": 10,
   "metadata": {},
   "outputs": [
    {
     "data": {
      "text/plain": [
       "Series([], dtype: int64)"
      ]
     },
     "execution_count": 10,
     "metadata": {},
     "output_type": "execute_result"
    }
   ],
   "source": [
    "# data looks good\n",
    "train.isnull().sum()[train.isnull().sum() != 0]"
   ]
  },
  {
   "cell_type": "code",
   "execution_count": 11,
   "metadata": {},
   "outputs": [
    {
     "data": {
      "text/plain": [
       "(20, 8)"
      ]
     },
     "execution_count": 11,
     "metadata": {},
     "output_type": "execute_result"
    }
   ],
   "source": [
    "# 1. What is the sample correlation matrix for these data\n",
    "train.shape"
   ]
  },
  {
   "cell_type": "code",
   "execution_count": 28,
   "metadata": {},
   "outputs": [
    {
     "data": {
      "text/html": [
       "<div>\n",
       "<style scoped>\n",
       "    .dataframe tbody tr th:only-of-type {\n",
       "        vertical-align: middle;\n",
       "    }\n",
       "\n",
       "    .dataframe tbody tr th {\n",
       "        vertical-align: top;\n",
       "    }\n",
       "\n",
       "    .dataframe thead th {\n",
       "        text-align: right;\n",
       "    }\n",
       "</style>\n",
       "<table border=\"1\" class=\"dataframe\">\n",
       "  <thead>\n",
       "    <tr style=\"text-align: right;\">\n",
       "      <th></th>\n",
       "      <th>Year</th>\n",
       "      <th>C1</th>\n",
       "      <th>C2</th>\n",
       "      <th>C3</th>\n",
       "      <th>C4</th>\n",
       "      <th>C5</th>\n",
       "      <th>C6</th>\n",
       "      <th>C7</th>\n",
       "    </tr>\n",
       "  </thead>\n",
       "  <tbody>\n",
       "    <tr>\n",
       "      <td>0</td>\n",
       "      <td>-9.5</td>\n",
       "      <td>-69.0</td>\n",
       "      <td>-38.3</td>\n",
       "      <td>-120.6</td>\n",
       "      <td>-36.9</td>\n",
       "      <td>-15.95</td>\n",
       "      <td>-13.2</td>\n",
       "      <td>-21.55</td>\n",
       "    </tr>\n",
       "    <tr>\n",
       "      <td>1</td>\n",
       "      <td>-8.5</td>\n",
       "      <td>-57.0</td>\n",
       "      <td>-37.3</td>\n",
       "      <td>-117.6</td>\n",
       "      <td>-33.9</td>\n",
       "      <td>-14.95</td>\n",
       "      <td>-12.2</td>\n",
       "      <td>-17.55</td>\n",
       "    </tr>\n",
       "    <tr>\n",
       "      <td>2</td>\n",
       "      <td>-7.5</td>\n",
       "      <td>-56.0</td>\n",
       "      <td>-35.3</td>\n",
       "      <td>-113.6</td>\n",
       "      <td>-31.9</td>\n",
       "      <td>-14.95</td>\n",
       "      <td>-13.2</td>\n",
       "      <td>-19.55</td>\n",
       "    </tr>\n",
       "    <tr>\n",
       "      <td>3</td>\n",
       "      <td>-6.5</td>\n",
       "      <td>-56.0</td>\n",
       "      <td>-33.3</td>\n",
       "      <td>-107.6</td>\n",
       "      <td>-30.9</td>\n",
       "      <td>-13.95</td>\n",
       "      <td>-12.2</td>\n",
       "      <td>-17.55</td>\n",
       "    </tr>\n",
       "    <tr>\n",
       "      <td>4</td>\n",
       "      <td>-5.5</td>\n",
       "      <td>-57.0</td>\n",
       "      <td>-31.3</td>\n",
       "      <td>-95.6</td>\n",
       "      <td>-29.9</td>\n",
       "      <td>-11.95</td>\n",
       "      <td>-10.2</td>\n",
       "      <td>-18.55</td>\n",
       "    </tr>\n",
       "    <tr>\n",
       "      <td>5</td>\n",
       "      <td>-4.5</td>\n",
       "      <td>-56.0</td>\n",
       "      <td>-30.3</td>\n",
       "      <td>-86.6</td>\n",
       "      <td>-26.9</td>\n",
       "      <td>-11.95</td>\n",
       "      <td>-9.2</td>\n",
       "      <td>-13.55</td>\n",
       "    </tr>\n",
       "    <tr>\n",
       "      <td>6</td>\n",
       "      <td>-3.5</td>\n",
       "      <td>-57.0</td>\n",
       "      <td>-28.3</td>\n",
       "      <td>-78.6</td>\n",
       "      <td>-25.9</td>\n",
       "      <td>-9.95</td>\n",
       "      <td>-9.2</td>\n",
       "      <td>-16.55</td>\n",
       "    </tr>\n",
       "    <tr>\n",
       "      <td>7</td>\n",
       "      <td>-2.5</td>\n",
       "      <td>-53.0</td>\n",
       "      <td>-23.3</td>\n",
       "      <td>-67.6</td>\n",
       "      <td>-21.9</td>\n",
       "      <td>-9.95</td>\n",
       "      <td>-7.2</td>\n",
       "      <td>-12.55</td>\n",
       "    </tr>\n",
       "    <tr>\n",
       "      <td>8</td>\n",
       "      <td>-1.5</td>\n",
       "      <td>-41.0</td>\n",
       "      <td>-20.3</td>\n",
       "      <td>-42.6</td>\n",
       "      <td>-15.9</td>\n",
       "      <td>-6.95</td>\n",
       "      <td>-4.2</td>\n",
       "      <td>-10.55</td>\n",
       "    </tr>\n",
       "    <tr>\n",
       "      <td>9</td>\n",
       "      <td>-0.5</td>\n",
       "      <td>-37.0</td>\n",
       "      <td>-16.3</td>\n",
       "      <td>-24.6</td>\n",
       "      <td>-10.9</td>\n",
       "      <td>-5.95</td>\n",
       "      <td>-1.2</td>\n",
       "      <td>-8.55</td>\n",
       "    </tr>\n",
       "    <tr>\n",
       "      <td>10</td>\n",
       "      <td>0.5</td>\n",
       "      <td>-29.0</td>\n",
       "      <td>-13.3</td>\n",
       "      <td>-13.6</td>\n",
       "      <td>-4.9</td>\n",
       "      <td>-3.95</td>\n",
       "      <td>1.8</td>\n",
       "      <td>-2.55</td>\n",
       "    </tr>\n",
       "    <tr>\n",
       "      <td>11</td>\n",
       "      <td>1.5</td>\n",
       "      <td>-21.0</td>\n",
       "      <td>-7.3</td>\n",
       "      <td>-5.6</td>\n",
       "      <td>0.1</td>\n",
       "      <td>1.05</td>\n",
       "      <td>6.8</td>\n",
       "      <td>6.45</td>\n",
       "    </tr>\n",
       "    <tr>\n",
       "      <td>12</td>\n",
       "      <td>2.5</td>\n",
       "      <td>-7.0</td>\n",
       "      <td>1.7</td>\n",
       "      <td>8.4</td>\n",
       "      <td>6.1</td>\n",
       "      <td>5.05</td>\n",
       "      <td>10.8</td>\n",
       "      <td>4.45</td>\n",
       "    </tr>\n",
       "    <tr>\n",
       "      <td>13</td>\n",
       "      <td>3.5</td>\n",
       "      <td>10.0</td>\n",
       "      <td>0.7</td>\n",
       "      <td>53.4</td>\n",
       "      <td>11.1</td>\n",
       "      <td>17.05</td>\n",
       "      <td>12.8</td>\n",
       "      <td>9.45</td>\n",
       "    </tr>\n",
       "    <tr>\n",
       "      <td>14</td>\n",
       "      <td>4.5</td>\n",
       "      <td>36.0</td>\n",
       "      <td>17.7</td>\n",
       "      <td>88.4</td>\n",
       "      <td>22.1</td>\n",
       "      <td>23.05</td>\n",
       "      <td>14.8</td>\n",
       "      <td>14.45</td>\n",
       "    </tr>\n",
       "    <tr>\n",
       "      <td>15</td>\n",
       "      <td>5.5</td>\n",
       "      <td>64.0</td>\n",
       "      <td>33.7</td>\n",
       "      <td>111.4</td>\n",
       "      <td>30.1</td>\n",
       "      <td>18.05</td>\n",
       "      <td>7.8</td>\n",
       "      <td>16.45</td>\n",
       "    </tr>\n",
       "    <tr>\n",
       "      <td>16</td>\n",
       "      <td>6.5</td>\n",
       "      <td>90.0</td>\n",
       "      <td>38.7</td>\n",
       "      <td>141.4</td>\n",
       "      <td>38.1</td>\n",
       "      <td>14.05</td>\n",
       "      <td>7.8</td>\n",
       "      <td>24.45</td>\n",
       "    </tr>\n",
       "    <tr>\n",
       "      <td>17</td>\n",
       "      <td>7.5</td>\n",
       "      <td>108.0</td>\n",
       "      <td>59.7</td>\n",
       "      <td>139.4</td>\n",
       "      <td>44.1</td>\n",
       "      <td>15.05</td>\n",
       "      <td>8.8</td>\n",
       "      <td>16.45</td>\n",
       "    </tr>\n",
       "    <tr>\n",
       "      <td>18</td>\n",
       "      <td>8.5</td>\n",
       "      <td>134.0</td>\n",
       "      <td>77.7</td>\n",
       "      <td>164.4</td>\n",
       "      <td>56.1</td>\n",
       "      <td>13.05</td>\n",
       "      <td>9.8</td>\n",
       "      <td>30.45</td>\n",
       "    </tr>\n",
       "    <tr>\n",
       "      <td>19</td>\n",
       "      <td>9.5</td>\n",
       "      <td>154.0</td>\n",
       "      <td>84.7</td>\n",
       "      <td>167.4</td>\n",
       "      <td>62.1</td>\n",
       "      <td>14.05</td>\n",
       "      <td>10.8</td>\n",
       "      <td>36.45</td>\n",
       "    </tr>\n",
       "  </tbody>\n",
       "</table>\n",
       "</div>"
      ],
      "text/plain": [
       "    Year     C1    C2     C3    C4     C5    C6     C7\n",
       "0   -9.5  -69.0 -38.3 -120.6 -36.9 -15.95 -13.2 -21.55\n",
       "1   -8.5  -57.0 -37.3 -117.6 -33.9 -14.95 -12.2 -17.55\n",
       "2   -7.5  -56.0 -35.3 -113.6 -31.9 -14.95 -13.2 -19.55\n",
       "3   -6.5  -56.0 -33.3 -107.6 -30.9 -13.95 -12.2 -17.55\n",
       "4   -5.5  -57.0 -31.3  -95.6 -29.9 -11.95 -10.2 -18.55\n",
       "5   -4.5  -56.0 -30.3  -86.6 -26.9 -11.95  -9.2 -13.55\n",
       "6   -3.5  -57.0 -28.3  -78.6 -25.9  -9.95  -9.2 -16.55\n",
       "7   -2.5  -53.0 -23.3  -67.6 -21.9  -9.95  -7.2 -12.55\n",
       "8   -1.5  -41.0 -20.3  -42.6 -15.9  -6.95  -4.2 -10.55\n",
       "9   -0.5  -37.0 -16.3  -24.6 -10.9  -5.95  -1.2  -8.55\n",
       "10   0.5  -29.0 -13.3  -13.6  -4.9  -3.95   1.8  -2.55\n",
       "11   1.5  -21.0  -7.3   -5.6   0.1   1.05   6.8   6.45\n",
       "12   2.5   -7.0   1.7    8.4   6.1   5.05  10.8   4.45\n",
       "13   3.5   10.0   0.7   53.4  11.1  17.05  12.8   9.45\n",
       "14   4.5   36.0  17.7   88.4  22.1  23.05  14.8  14.45\n",
       "15   5.5   64.0  33.7  111.4  30.1  18.05   7.8  16.45\n",
       "16   6.5   90.0  38.7  141.4  38.1  14.05   7.8  24.45\n",
       "17   7.5  108.0  59.7  139.4  44.1  15.05   8.8  16.45\n",
       "18   8.5  134.0  77.7  164.4  56.1  13.05   9.8  30.45\n",
       "19   9.5  154.0  84.7  167.4  62.1  14.05  10.8  36.45"
      ]
     },
     "execution_count": 28,
     "metadata": {},
     "output_type": "execute_result"
    }
   ],
   "source": [
    "# calculate sample covariance matrix first, given by \n",
    "# # Q = 1/(n-1) (X')^TX'\n",
    "n = train.shape[0]\n",
    "p = train.shape[1]\n",
    "sample_mean = np.mean(train, axis=0)\n",
    "X_centered = train - sample_mean\n",
    "X_centered"
   ]
  },
  {
   "cell_type": "code",
   "execution_count": 29,
   "metadata": {},
   "outputs": [
    {
     "data": {
      "text/plain": [
       "array([[   35.        ,   388.63157895,   215.        ,   594.10526316,\n",
       "          184.26315789,    73.55263158,    55.63157895,   104.34210526],\n",
       "       [  388.63157895,  5159.68421053,  2794.15789474,  7122.10526316,\n",
       "         2268.47368421,   817.68421053,   566.63157895,  1262.31578947],\n",
       "       [  215.        ,  2794.15789474,  1530.95789474,  3874.70526316,\n",
       "         1239.03157895,   440.85789474,   312.93684211,   686.98421053],\n",
       "       [  594.10526316,  7122.10526316,  3874.70526316, 10552.77894737,\n",
       "         3273.95789474,  1294.03157895,   929.82105263,  1844.02105263],\n",
       "       [  184.26315789,  2268.47368421,  1239.03157895,  3273.95789474,\n",
       "         1031.67368421,   390.99473684,   283.91578947,   580.42631579],\n",
       "       [   73.55263158,   817.68421053,   440.85789474,  1294.03157895,\n",
       "          390.99473684,   181.31315789,   129.90526316,   224.81842105],\n",
       "       [   55.63157895,   566.63157895,   312.93684211,   929.82105263,\n",
       "          283.91578947,   129.90526316,   102.69473684,   166.30526316],\n",
       "       [  104.34210526,  1262.31578947,   686.98421053,  1844.02105263,\n",
       "          580.42631579,   224.81842105,   166.30526316,   335.10263158]])"
      ]
     },
     "execution_count": 29,
     "metadata": {},
     "output_type": "execute_result"
    }
   ],
   "source": [
    "Q = 1/(n-1)*np.dot(X_centered.T, X_centered)\n",
    "Q"
   ]
  },
  {
   "cell_type": "code",
   "execution_count": 41,
   "metadata": {},
   "outputs": [
    {
     "data": {
      "text/plain": [
       "array([[   35.        ,   388.63157895,   215.        ,   594.10526316,\n",
       "          184.26315789,    73.55263158,    55.63157895,   104.34210526],\n",
       "       [  388.63157895,  5159.68421053,  2794.15789474,  7122.10526316,\n",
       "         2268.47368421,   817.68421053,   566.63157895,  1262.31578947],\n",
       "       [  215.        ,  2794.15789474,  1530.95789474,  3874.70526316,\n",
       "         1239.03157895,   440.85789474,   312.93684211,   686.98421053],\n",
       "       [  594.10526316,  7122.10526316,  3874.70526316, 10552.77894737,\n",
       "         3273.95789474,  1294.03157895,   929.82105263,  1844.02105263],\n",
       "       [  184.26315789,  2268.47368421,  1239.03157895,  3273.95789474,\n",
       "         1031.67368421,   390.99473684,   283.91578947,   580.42631579],\n",
       "       [   73.55263158,   817.68421053,   440.85789474,  1294.03157895,\n",
       "          390.99473684,   181.31315789,   129.90526316,   224.81842105],\n",
       "       [   55.63157895,   566.63157895,   312.93684211,   929.82105263,\n",
       "          283.91578947,   129.90526316,   102.69473684,   166.30526316],\n",
       "       [  104.34210526,  1262.31578947,   686.98421053,  1844.02105263,\n",
       "          580.42631579,   224.81842105,   166.30526316,   335.10263158]])"
      ]
     },
     "execution_count": 41,
     "metadata": {},
     "output_type": "execute_result"
    }
   ],
   "source": [
    "# doulbe check with np version\n",
    "X = np.matrix(train) #Dataset in the matrix form\n",
    "X_dm = X - np.mean(X,axis =0)#Normalise the data set to make it with zero mean acroos the tenors\n",
    "Cov_X = np.cov(X_dm, rowvar = False)#Calculate the covariance matrix\n",
    "Cov_X"
   ]
  },
  {
   "cell_type": "code",
   "execution_count": 33,
   "metadata": {},
   "outputs": [
    {
     "data": {
      "text/plain": [
       "array([[   35.        ,   388.63157895,   215.        ,   594.10526316,\n",
       "          184.26315789,    73.55263158,    55.63157895,   104.34210526],\n",
       "       [  388.63157895,  5159.68421053,  2794.15789474,  7122.10526316,\n",
       "         2268.47368421,   817.68421053,   566.63157895,  1262.31578947],\n",
       "       [  215.        ,  2794.15789474,  1530.95789474,  3874.70526316,\n",
       "         1239.03157895,   440.85789474,   312.93684211,   686.98421053],\n",
       "       [  594.10526316,  7122.10526316,  3874.70526316, 10552.77894737,\n",
       "         3273.95789474,  1294.03157895,   929.82105263,  1844.02105263],\n",
       "       [  184.26315789,  2268.47368421,  1239.03157895,  3273.95789474,\n",
       "         1031.67368421,   390.99473684,   283.91578947,   580.42631579],\n",
       "       [   73.55263158,   817.68421053,   440.85789474,  1294.03157895,\n",
       "          390.99473684,   181.31315789,   129.90526316,   224.81842105],\n",
       "       [   55.63157895,   566.63157895,   312.93684211,   929.82105263,\n",
       "          283.91578947,   129.90526316,   102.69473684,   166.30526316],\n",
       "       [  104.34210526,  1262.31578947,   686.98421053,  1844.02105263,\n",
       "          580.42631579,   224.81842105,   166.30526316,   335.10263158]])"
      ]
     },
     "execution_count": 33,
     "metadata": {},
     "output_type": "execute_result"
    }
   ],
   "source": [
    "Cov_X"
   ]
  },
  {
   "cell_type": "code",
   "execution_count": 51,
   "metadata": {},
   "outputs": [
    {
     "data": {
      "text/plain": [
       "array([[   35.        ,   388.63157895,   215.        ,   594.10526316,\n",
       "          184.26315789,    73.55263158,    55.63157895,   104.34210526],\n",
       "       [  388.63157895,  5159.68421053,  2794.15789474,  7122.10526316,\n",
       "         2268.47368421,   817.68421053,   566.63157895,  1262.31578947],\n",
       "       [  215.        ,  2794.15789474,  1530.95789474,  3874.70526316,\n",
       "         1239.03157895,   440.85789474,   312.93684211,   686.98421053],\n",
       "       [  594.10526316,  7122.10526316,  3874.70526316, 10552.77894737,\n",
       "         3273.95789474,  1294.03157895,   929.82105263,  1844.02105263],\n",
       "       [  184.26315789,  2268.47368421,  1239.03157895,  3273.95789474,\n",
       "         1031.67368421,   390.99473684,   283.91578947,   580.42631579],\n",
       "       [   73.55263158,   817.68421053,   440.85789474,  1294.03157895,\n",
       "          390.99473684,   181.31315789,   129.90526316,   224.81842105],\n",
       "       [   55.63157895,   566.63157895,   312.93684211,   929.82105263,\n",
       "          283.91578947,   129.90526316,   102.69473684,   166.30526316],\n",
       "       [  104.34210526,  1262.31578947,   686.98421053,  1844.02105263,\n",
       "          580.42631579,   224.81842105,   166.30526316,   335.10263158]])"
      ]
     },
     "execution_count": 51,
     "metadata": {},
     "output_type": "execute_result"
    }
   ],
   "source": [
    "# double check again with sklearn PCA\n",
    "pca = PCA(n_components=p);\n",
    "pca.fit(train)\n",
    "# get_covariance gives us the sample covariance matrix\n",
    "pca.get_covariance()"
   ]
  },
  {
   "cell_type": "code",
   "execution_count": 54,
   "metadata": {},
   "outputs": [
    {
     "data": {
      "text/plain": [
       "array([[1.        , 0.91451852, 0.9288013 , 0.9775657 , 0.96969088,\n",
       "        0.92331424, 0.92792584, 0.96346658],\n",
       "       [0.91451852, 1.        , 0.99416337, 0.96519132, 0.98322069,\n",
       "        0.84539444, 0.77842203, 0.95999182],\n",
       "       [0.9288013 , 0.99416337, 1.        , 0.96399244, 0.98589253,\n",
       "        0.83676275, 0.78922526, 0.95912721],\n",
       "       [0.9775657 , 0.96519132, 0.96399244, 1.        , 0.99224403,\n",
       "        0.93550647, 0.89318591, 0.98060372],\n",
       "       [0.96969088, 0.98322069, 0.98589253, 0.99224403, 1.        ,\n",
       "        0.90403464, 0.87225662, 0.98715875],\n",
       "       [0.92331424, 0.84539444, 0.83676275, 0.93550647, 0.90403464,\n",
       "        1.        , 0.95200229, 0.9120703 ],\n",
       "       [0.92792584, 0.77842203, 0.78922526, 0.89318591, 0.87225662,\n",
       "        0.95200229, 1.        , 0.89648491],\n",
       "       [0.96346658, 0.95999182, 0.95912721, 0.98060372, 0.98715875,\n",
       "        0.9120703 , 0.89648491, 1.        ]])"
      ]
     },
     "execution_count": 54,
     "metadata": {},
     "output_type": "execute_result"
    }
   ],
   "source": [
    "# now calculate the sample correlation matrix given by\n",
    "# Cor[train] = (Q^(diag))^-1/2 Q (Q^(diag))^-1/2\n",
    "Q_diag = np.zeros(Q.shape)\n",
    "np.fill_diagonal(Q_diag, np.diagonal(Q))\n",
    "Q_diag_sqrt = np.sqrt(Q_diag)\n",
    "Q_diag_sqrt_inv = np.linalg.inv(Q_diag_sqrt)\n",
    "sample_corr_matrix = np.dot(np.dot(Q_diag_sqrt_inv, Q), Q_diag_sqrt_inv)\n",
    "sample_corr_matrix"
   ]
  },
  {
   "cell_type": "code",
   "execution_count": 66,
   "metadata": {},
   "outputs": [
    {
     "data": {
      "text/plain": [
       "<matplotlib.axes._subplots.AxesSubplot at 0x2ac2ad48cf8>"
      ]
     },
     "execution_count": 66,
     "metadata": {},
     "output_type": "execute_result"
    },
    {
     "data": {
