{
 "cells": [
  {
   "cell_type": "code",
   "execution_count": 104,
   "metadata": {},
   "outputs": [],
   "source": [
    "import numpy as np\n",
    "import pandas as pd\n",
    "from sklearn.decomposition import PCA\n",
    "import matplotlib.pyplot as plt\n",
    "import seaborn as sb\n",
    "import pylab\n",
    "import chart_studio.plotly as py\n",
    "import plotly.graph_objs as go"
   ]
  },
  {
   "cell_type": "code",
   "execution_count": 78,
   "metadata": {},
   "outputs": [],
   "source": [
    "train=pd.read_csv('PCA_data.csv', index_col='Year')"
   ]
  },
  {
   "cell_type": "code",
   "execution_count": 79,
   "metadata": {},
   "outputs": [
    {
     "data": {
      "text/html": [
       "<div>\n",
       "<style scoped>\n",
       "    .dataframe tbody tr th:only-of-type {\n",
       "        vertical-align: middle;\n",
       "    }\n",
       "\n",
       "    .dataframe tbody tr th {\n",
       "        vertical-align: top;\n",
       "    }\n",
       "\n",
       "    .dataframe thead th {\n",
       "        text-align: right;\n",
       "    }\n",
       "</style>\n",
       "<table border=\"1\" class=\"dataframe\">\n",
       "  <thead>\n",
       "    <tr style=\"text-align: right;\">\n",
       "      <th></th>\n",
       "      <th>C1</th>\n",
       "      <th>C2</th>\n",
       "      <th>C3</th>\n",
       "      <th>C4</th>\n",
       "      <th>C5</th>\n",
       "      <th>C6</th>\n",
       "      <th>C7</th>\n",
       "    </tr>\n",
       "  </thead>\n",
       "  <tbody>\n",
       "    <tr>\n",
       "      <td>count</td>\n",
       "      <td>20.000000</td>\n",
       "      <td>20.000000</td>\n",
       "      <td>20.00000</td>\n",
       "      <td>20.000000</td>\n",
       "      <td>20.000000</td>\n",
       "      <td>20.000000</td>\n",
       "      <td>20.000000</td>\n",
       "    </tr>\n",
       "    <tr>\n",
       "      <td>mean</td>\n",
       "      <td>145.000000</td>\n",
       "      <td>51.300000</td>\n",
       "      <td>151.60000</td>\n",
       "      <td>43.900000</td>\n",
       "      <td>22.950000</td>\n",
       "      <td>19.200000</td>\n",
       "      <td>36.550000</td>\n",
       "    </tr>\n",
       "    <tr>\n",
       "      <td>std</td>\n",
       "      <td>71.830942</td>\n",
       "      <td>39.127457</td>\n",
       "      <td>102.72672</td>\n",
       "      <td>32.119678</td>\n",
       "      <td>13.465257</td>\n",
       "      <td>10.133841</td>\n",
       "      <td>18.305809</td>\n",
       "    </tr>\n",
       "    <tr>\n",
       "      <td>min</td>\n",
       "      <td>76.000000</td>\n",
       "      <td>13.000000</td>\n",
       "      <td>31.00000</td>\n",
       "      <td>7.000000</td>\n",
       "      <td>7.000000</td>\n",
       "      <td>6.000000</td>\n",
       "      <td>15.000000</td>\n",
       "    </tr>\n",
       "    <tr>\n",
       "      <td>25%</td>\n",
       "      <td>89.000000</td>\n",
       "      <td>20.750000</td>\n",
       "      <td>62.75000</td>\n",
       "      <td>16.250000</td>\n",
       "      <td>11.000000</td>\n",
       "      <td>9.750000</td>\n",
       "      <td>19.750000</td>\n",
       "    </tr>\n",
       "    <tr>\n",
       "      <td>50%</td>\n",
       "      <td>112.000000</td>\n",
       "      <td>36.500000</td>\n",
       "      <td>132.50000</td>\n",
       "      <td>36.000000</td>\n",
       "      <td>18.000000</td>\n",
       "      <td>19.500000</td>\n",
       "      <td>31.000000</td>\n",
       "    </tr>\n",
       "    <tr>\n",
       "      <td>75%</td>\n",
       "      <td>188.000000</td>\n",
       "      <td>73.000000</td>\n",
       "      <td>245.75000</td>\n",
       "      <td>68.000000</td>\n",
       "      <td>37.000000</td>\n",
       "      <td>28.250000</td>\n",
       "      <td>51.500000</td>\n",
       "    </tr>\n",
       "    <tr>\n",
       "      <td>max</td>\n",
       "      <td>299.000000</td>\n",
       "      <td>136.000000</td>\n",
       "      <td>319.00000</td>\n",
       "      <td>106.000000</td>\n",
       "      <td>46.000000</td>\n",
       "      <td>34.000000</td>\n",
       "      <td>73.000000</td>\n",
       "    </tr>\n",
       "  </tbody>\n",
       "</table>\n",
       "</div>"
      ],
      "text/plain": [
       "               C1          C2         C3          C4         C5         C6  \\\n",
       "count   20.000000   20.000000   20.00000   20.000000  20.000000  20.000000   \n",
       "mean   145.000000   51.300000  151.60000   43.900000  22.950000  19.200000   \n",
       "std     71.830942   39.127457  102.72672   32.119678  13.465257  10.133841   \n",
       "min     76.000000   13.000000   31.00000    7.000000   7.000000   6.000000   \n",
       "25%     89.000000   20.750000   62.75000   16.250000  11.000000   9.750000   \n",
       "50%    112.000000   36.500000  132.50000   36.000000  18.000000  19.500000   \n",
       "75%    188.000000   73.000000  245.75000   68.000000  37.000000  28.250000   \n",
       "max    299.000000  136.000000  319.00000  106.000000  46.000000  34.000000   \n",
       "\n",
       "              C7  \n",
       "count  20.000000  \n",
       "mean   36.550000  \n",
       "std    18.305809  \n",
       "min    15.000000  \n",
       "25%    19.750000  \n",
       "50%    31.000000  \n",
       "75%    51.500000  \n",
       "max    73.000000  "
      ]
     },
     "execution_count": 79,
     "metadata": {},
     "output_type": "execute_result"
    }
   ],
   "source": [
    "train.describe()"
   ]
  },
  {
   "cell_type": "code",
   "execution_count": 80,
   "metadata": {},
   "outputs": [
    {
     "data": {
      "text/html": [
       "<div>\n",
       "<style scoped>\n",
       "    .dataframe tbody tr th:only-of-type {\n",
       "        vertical-align: middle;\n",
       "    }\n",
       "\n",
       "    .dataframe tbody tr th {\n",
       "        vertical-align: top;\n",
       "    }\n",
       "\n",
       "    .dataframe thead th {\n",
       "        text-align: right;\n",
       "    }\n",
       "</style>\n",
       "<table border=\"1\" class=\"dataframe\">\n",
       "  <thead>\n",
       "    <tr style=\"text-align: right;\">\n",
       "      <th></th>\n",
       "      <th>C1</th>\n",
       "      <th>C2</th>\n",
       "      <th>C3</th>\n",
       "      <th>C4</th>\n",
       "      <th>C5</th>\n",
       "      <th>C6</th>\n",
       "      <th>C7</th>\n",
       "    </tr>\n",
       "    <tr>\n",
       "      <th>Year</th>\n",
       "      <th></th>\n",
       "      <th></th>\n",
       "      <th></th>\n",
       "      <th></th>\n",
       "      <th></th>\n",
       "      <th></th>\n",
       "      <th></th>\n",
       "    </tr>\n",
       "  </thead>\n",
       "  <tbody>\n",
       "    <tr>\n",
       "      <td>1967</td>\n",
       "      <td>76</td>\n",
       "      <td>13</td>\n",
       "      <td>31</td>\n",
       "      <td>7</td>\n",
       "      <td>7</td>\n",
       "      <td>6</td>\n",
       "      <td>15</td>\n",
       "    </tr>\n",
       "    <tr>\n",
       "      <td>1968</td>\n",
       "      <td>88</td>\n",
       "      <td>14</td>\n",
       "      <td>34</td>\n",
       "      <td>10</td>\n",
       "      <td>8</td>\n",
       "      <td>7</td>\n",
       "      <td>19</td>\n",
       "    </tr>\n",
       "    <tr>\n",
       "      <td>1969</td>\n",
       "      <td>89</td>\n",
       "      <td>16</td>\n",
       "      <td>38</td>\n",
       "      <td>12</td>\n",
       "      <td>8</td>\n",
       "      <td>6</td>\n",
       "      <td>17</td>\n",
       "    </tr>\n",
       "    <tr>\n",
       "      <td>1970</td>\n",
       "      <td>89</td>\n",
       "      <td>18</td>\n",
       "      <td>44</td>\n",
       "      <td>13</td>\n",
       "      <td>9</td>\n",
       "      <td>7</td>\n",
       "      <td>19</td>\n",
       "    </tr>\n",
       "    <tr>\n",
       "      <td>1971</td>\n",
       "      <td>88</td>\n",
       "      <td>20</td>\n",
       "      <td>56</td>\n",
       "      <td>14</td>\n",
       "      <td>11</td>\n",
       "      <td>9</td>\n",
       "      <td>18</td>\n",
       "    </tr>\n",
       "  </tbody>\n",
       "</table>\n",
       "</div>"
      ],
      "text/plain": [
       "      C1  C2  C3  C4  C5  C6  C7\n",
       "Year                            \n",
       "1967  76  13  31   7   7   6  15\n",
       "1968  88  14  34  10   8   7  19\n",
       "1969  89  16  38  12   8   6  17\n",
       "1970  89  18  44  13   9   7  19\n",
       "1971  88  20  56  14  11   9  18"
      ]
     },
     "execution_count": 80,
     "metadata": {},
     "output_type": "execute_result"
    }
   ],
   "source": [
    "train.head()"
   ]
  },
  {
   "cell_type": "code",
   "execution_count": 81,
   "metadata": {},
   "outputs": [
    {
     "name": "stdout",
     "output_type": "stream",
     "text": [
      "<class 'pandas.core.frame.DataFrame'>\n",
      "Int64Index: 20 entries, 1967 to 1986\n",
      "Data columns (total 7 columns):\n",
      "C1    20 non-null int64\n",
      "C2    20 non-null int64\n",
      "C3    20 non-null int64\n",
      "C4    20 non-null int64\n",
      "C5    20 non-null int64\n",
      "C6    20 non-null int64\n",
      "C7    20 non-null int64\n",
      "dtypes: int64(7)\n",
      "memory usage: 1.2 KB\n"
     ]
    }
   ],
   "source": [
    "train.info()"
   ]
  },
  {
   "cell_type": "code",
   "execution_count": 82,
   "metadata": {},
   "outputs": [
    {
     "data": {
      "text/plain": [
       "Int64Index([1967, 1968, 1969, 1970, 1971, 1972, 1973, 1974, 1975, 1976, 1977,\n",
       "            1978, 1979, 1980, 1981, 1982, 1983, 1984, 1985, 1986],\n",
       "           dtype='int64', name='Year')"
      ]
     },
     "execution_count": 82,
     "metadata": {},
     "output_type": "execute_result"
    }
   ],
   "source": [
    "train.index"
   ]
  },
  {
   "cell_type": "code",
   "execution_count": 83,
   "metadata": {},
   "outputs": [
    {
     "data": {
      "text/plain": [
       "Series([], dtype: int64)"
      ]
     },
     "execution_count": 83,
     "metadata": {},
     "output_type": "execute_result"
    }
   ],
   "source": [
    "# data looks good\n",
    "train.isnull().sum()[train.isnull().sum() != 0]"
   ]
  },
  {
   "cell_type": "code",
   "execution_count": 84,
   "metadata": {},
   "outputs": [
    {
     "data": {
      "text/plain": [
       "(20, 7)"
      ]
     },
     "execution_count": 84,
     "metadata": {},
     "output_type": "execute_result"
    }
   ],
   "source": [
    "# 1. What is the sample correlation matrix for these data\n",
    "train.shape"
   ]
  },
  {
   "cell_type": "code",
   "execution_count": 85,
   "metadata": {},
   "outputs": [
    {
     "data": {
      "text/html": [
       "<div>\n",
       "<style scoped>\n",
       "    .dataframe tbody tr th:only-of-type {\n",
       "        vertical-align: middle;\n",
       "    }\n",
       "\n",
       "    .dataframe tbody tr th {\n",
       "        vertical-align: top;\n",
       "    }\n",
       "\n",
       "    .dataframe thead th {\n",
       "        text-align: right;\n",
       "    }\n",
       "</style>\n",
       "<table border=\"1\" class=\"dataframe\">\n",
       "  <thead>\n",
       "    <tr style=\"text-align: right;\">\n",
       "      <th></th>\n",
       "      <th>C1</th>\n",
       "      <th>C2</th>\n",
       "      <th>C3</th>\n",
       "      <th>C4</th>\n",
       "      <th>C5</th>\n",
       "      <th>C6</th>\n",
       "      <th>C7</th>\n",
       "    </tr>\n",
       "    <tr>\n",
       "      <th>Year</th>\n",
       "      <th></th>\n",
       "      <th></th>\n",
       "      <th></th>\n",
       "      <th></th>\n",
       "      <th></th>\n",
       "      <th></th>\n",
       "      <th></th>\n",
       "    </tr>\n",
       "  </thead>\n",
       "  <tbody>\n",
       "    <tr>\n",
       "      <td>1967</td>\n",
       "      <td>-69.0</td>\n",
       "      <td>-38.3</td>\n",
       "      <td>-120.6</td>\n",
       "      <td>-36.9</td>\n",
       "      <td>-15.95</td>\n",
       "      <td>-13.2</td>\n",
       "      <td>-21.55</td>\n",
       "    </tr>\n",
       "    <tr>\n",
       "      <td>1968</td>\n",
       "      <td>-57.0</td>\n",
       "      <td>-37.3</td>\n",
       "      <td>-117.6</td>\n",
       "      <td>-33.9</td>\n",
       "      <td>-14.95</td>\n",
       "      <td>-12.2</td>\n",
       "      <td>-17.55</td>\n",
       "    </tr>\n",
       "    <tr>\n",
       "      <td>1969</td>\n",
       "      <td>-56.0</td>\n",
       "      <td>-35.3</td>\n",
       "      <td>-113.6</td>\n",
       "      <td>-31.9</td>\n",
       "      <td>-14.95</td>\n",
       "      <td>-13.2</td>\n",
       "      <td>-19.55</td>\n",
       "    </tr>\n",
       "    <tr>\n",
       "      <td>1970</td>\n",
       "      <td>-56.0</td>\n",
       "      <td>-33.3</td>\n",
       "      <td>-107.6</td>\n",
       "      <td>-30.9</td>\n",
       "      <td>-13.95</td>\n",
       "      <td>-12.2</td>\n",
       "      <td>-17.55</td>\n",
       "    </tr>\n",
       "    <tr>\n",
       "      <td>1971</td>\n",
       "      <td>-57.0</td>\n",
       "      <td>-31.3</td>\n",
       "      <td>-95.6</td>\n",
       "      <td>-29.9</td>\n",
       "      <td>-11.95</td>\n",
       "      <td>-10.2</td>\n",
       "      <td>-18.55</td>\n",
       "    </tr>\n",
       "    <tr>\n",
       "      <td>1972</td>\n",
       "      <td>-56.0</td>\n",
       "      <td>-30.3</td>\n",
       "      <td>-86.6</td>\n",
       "      <td>-26.9</td>\n",
       "      <td>-11.95</td>\n",
       "      <td>-9.2</td>\n",
       "      <td>-13.55</td>\n",
       "    </tr>\n",
       "    <tr>\n",
       "      <td>1973</td>\n",
       "      <td>-57.0</td>\n",
       "      <td>-28.3</td>\n",
       "      <td>-78.6</td>\n",
       "      <td>-25.9</td>\n",
       "      <td>-9.95</td>\n",
       "      <td>-9.2</td>\n",
       "      <td>-16.55</td>\n",
       "    </tr>\n",
       "    <tr>\n",
       "      <td>1974</td>\n",
       "      <td>-53.0</td>\n",
       "      <td>-23.3</td>\n",
       "      <td>-67.6</td>\n",
       "      <td>-21.9</td>\n",
       "      <td>-9.95</td>\n",
       "      <td>-7.2</td>\n",
       "      <td>-12.55</td>\n",
       "    </tr>\n",
       "    <tr>\n",
       "      <td>1975</td>\n",
       "      <td>-41.0</td>\n",
       "      <td>-20.3</td>\n",
       "      <td>-42.6</td>\n",
       "      <td>-15.9</td>\n",
       "      <td>-6.95</td>\n",
       "      <td>-4.2</td>\n",
       "      <td>-10.55</td>\n",
       "    </tr>\n",
       "    <tr>\n",
       "      <td>1976</td>\n",
       "      <td>-37.0</td>\n",
       "      <td>-16.3</td>\n",
       "      <td>-24.6</td>\n",
       "      <td>-10.9</td>\n",
       "      <td>-5.95</td>\n",
       "      <td>-1.2</td>\n",
       "      <td>-8.55</td>\n",
       "    </tr>\n",
       "    <tr>\n",
       "      <td>1977</td>\n",
       "      <td>-29.0</td>\n",
       "      <td>-13.3</td>\n",
       "      <td>-13.6</td>\n",
       "      <td>-4.9</td>\n",
       "      <td>-3.95</td>\n",
       "      <td>1.8</td>\n",
       "      <td>-2.55</td>\n",
       "    </tr>\n",
       "    <tr>\n",
       "      <td>1978</td>\n",
       "      <td>-21.0</td>\n",
       "      <td>-7.3</td>\n",
       "      <td>-5.6</td>\n",
       "      <td>0.1</td>\n",
       "      <td>1.05</td>\n",
       "      <td>6.8</td>\n",
       "      <td>6.45</td>\n",
       "    </tr>\n",
       "    <tr>\n",
       "      <td>1979</td>\n",
       "      <td>-7.0</td>\n",
       "      <td>1.7</td>\n",
       "      <td>8.4</td>\n",
       "      <td>6.1</td>\n",
       "      <td>5.05</td>\n",
       "      <td>10.8</td>\n",
       "      <td>4.45</td>\n",
       "    </tr>\n",
       "    <tr>\n",
       "      <td>1980</td>\n",
       "      <td>10.0</td>\n",
       "      <td>0.7</td>\n",
       "      <td>53.4</td>\n",
       "      <td>11.1</td>\n",
       "      <td>17.05</td>\n",
       "      <td>12.8</td>\n",
       "      <td>9.45</td>\n",
       "    </tr>\n",
       "    <tr>\n",
       "      <td>1981</td>\n",
       "      <td>36.0</td>\n",
       "      <td>17.7</td>\n",
       "      <td>88.4</td>\n",
       "      <td>22.1</td>\n",
       "      <td>23.05</td>\n",
       "      <td>14.8</td>\n",
       "      <td>14.45</td>\n",
       "    </tr>\n",
       "    <tr>\n",
       "      <td>1982</td>\n",
       "      <td>64.0</td>\n",
       "      <td>33.7</td>\n",
       "      <td>111.4</td>\n",
       "      <td>30.1</td>\n",
       "      <td>18.05</td>\n",
       "      <td>7.8</td>\n",
       "      <td>16.45</td>\n",
       "    </tr>\n",
       "    <tr>\n",
       "      <td>1983</td>\n",
       "      <td>90.0</td>\n",
       "      <td>38.7</td>\n",
       "      <td>141.4</td>\n",
       "      <td>38.1</td>\n",
       "      <td>14.05</td>\n",
       "      <td>7.8</td>\n",
       "      <td>24.45</td>\n",
       "    </tr>\n",
       "    <tr>\n",
       "      <td>1984</td>\n",
       "      <td>108.0</td>\n",
       "      <td>59.7</td>\n",
       "      <td>139.4</td>\n",
       "      <td>44.1</td>\n",
       "      <td>15.05</td>\n",
       "      <td>8.8</td>\n",
       "      <td>16.45</td>\n",
       "    </tr>\n",
       "    <tr>\n",
       "      <td>1985</td>\n",
       "      <td>134.0</td>\n",
       "      <td>77.7</td>\n",
       "      <td>164.4</td>\n",
       "      <td>56.1</td>\n",
       "      <td>13.05</td>\n",
       "      <td>9.8</td>\n",
       "      <td>30.45</td>\n",
       "    </tr>\n",
       "    <tr>\n",
       "      <td>1986</td>\n",
       "      <td>154.0</td>\n",
       "      <td>84.7</td>\n",
       "      <td>167.4</td>\n",
       "      <td>62.1</td>\n",
       "      <td>14.05</td>\n",
       "      <td>10.8</td>\n",
       "      <td>36.45</td>\n",
       "    </tr>\n",
       "  </tbody>\n",
       "</table>\n",
       "</div>"
      ],
      "text/plain": [
       "         C1    C2     C3    C4     C5    C6     C7\n",
       "Year                                              \n",
       "1967  -69.0 -38.3 -120.6 -36.9 -15.95 -13.2 -21.55\n",
       "1968  -57.0 -37.3 -117.6 -33.9 -14.95 -12.2 -17.55\n",
       "1969  -56.0 -35.3 -113.6 -31.9 -14.95 -13.2 -19.55\n",
       "1970  -56.0 -33.3 -107.6 -30.9 -13.95 -12.2 -17.55\n",
       "1971  -57.0 -31.3  -95.6 -29.9 -11.95 -10.2 -18.55\n",
       "1972  -56.0 -30.3  -86.6 -26.9 -11.95  -9.2 -13.55\n",
       "1973  -57.0 -28.3  -78.6 -25.9  -9.95  -9.2 -16.55\n",
       "1974  -53.0 -23.3  -67.6 -21.9  -9.95  -7.2 -12.55\n",
       "1975  -41.0 -20.3  -42.6 -15.9  -6.95  -4.2 -10.55\n",
       "1976  -37.0 -16.3  -24.6 -10.9  -5.95  -1.2  -8.55\n",
       "1977  -29.0 -13.3  -13.6  -4.9  -3.95   1.8  -2.55\n",
       "1978  -21.0  -7.3   -5.6   0.1   1.05   6.8   6.45\n",
       "1979   -7.0   1.7    8.4   6.1   5.05  10.8   4.45\n",
       "1980   10.0   0.7   53.4  11.1  17.05  12.8   9.45\n",
       "1981   36.0  17.7   88.4  22.1  23.05  14.8  14.45\n",
       "1982   64.0  33.7  111.4  30.1  18.05   7.8  16.45\n",
       "1983   90.0  38.7  141.4  38.1  14.05   7.8  24.45\n",
       "1984  108.0  59.7  139.4  44.1  15.05   8.8  16.45\n",
       "1985  134.0  77.7  164.4  56.1  13.05   9.8  30.45\n",
       "1986  154.0  84.7  167.4  62.1  14.05  10.8  36.45"
      ]
     },
     "execution_count": 85,
     "metadata": {},
     "output_type": "execute_result"
    }
   ],
   "source": [
    "# calculate sample covariance matrix first, given by \n",
    "# # Q = 1/(n-1) (X')^TX'\n",
    "n = train.shape[0]\n",
    "p = train.shape[1]\n",
    "sample_mean = np.mean(train, axis=0)\n",
    "X_centered = train - sample_mean\n",
    "X_centered"
   ]
  },
  {
   "cell_type": "code",
   "execution_count": 86,
   "metadata": {},
   "outputs": [
    {
     "data": {
      "text/plain": [
       "array([[ 5159.68421053,  2794.15789474,  7122.10526316,  2268.47368421,\n",
       "          817.68421053,   566.63157895,  1262.31578947],\n",
       "       [ 2794.15789474,  1530.95789474,  3874.70526316,  1239.03157895,\n",
       "          440.85789474,   312.93684211,   686.98421053],\n",
       "       [ 7122.10526316,  3874.70526316, 10552.77894737,  3273.95789474,\n",
       "         1294.03157895,   929.82105263,  1844.02105263],\n",
       "       [ 2268.47368421,  1239.03157895,  3273.95789474,  1031.67368421,\n",
       "          390.99473684,   283.91578947,   580.42631579],\n",
       "       [  817.68421053,   440.85789474,  1294.03157895,   390.99473684,\n",
       "          181.31315789,   129.90526316,   224.81842105],\n",
       "       [  566.63157895,   312.93684211,   929.82105263,   283.91578947,\n",
       "          129.90526316,   102.69473684,   166.30526316],\n",
       "       [ 1262.31578947,   686.98421053,  1844.02105263,   580.42631579,\n",
       "          224.81842105,   166.30526316,   335.10263158]])"
      ]
     },
     "execution_count": 86,
     "metadata": {},
     "output_type": "execute_result"
    }
   ],
   "source": [
    "# the sample covariance matrix Q:\n",
    "Q = 1/(n-1)*np.dot(X_centered.T, X_centered)\n",
    "Q"
   ]
  },
  {
   "cell_type": "code",
   "execution_count": 87,
   "metadata": {},
   "outputs": [
    {
     "data": {
      "text/plain": [
       "array([[ 5159.68421053,  2794.15789474,  7122.10526316,  2268.47368421,\n",
       "          817.68421053,   566.63157895,  1262.31578947],\n",
       "       [ 2794.15789474,  1530.95789474,  3874.70526316,  1239.03157895,\n",
       "          440.85789474,   312.93684211,   686.98421053],\n",
       "       [ 7122.10526316,  3874.70526316, 10552.77894737,  3273.95789474,\n",
       "         1294.03157895,   929.82105263,  1844.02105263],\n",
       "       [ 2268.47368421,  1239.03157895,  3273.95789474,  1031.67368421,\n",
       "          390.99473684,   283.91578947,   580.42631579],\n",
       "       [  817.68421053,   440.85789474,  1294.03157895,   390.99473684,\n",
       "          181.31315789,   129.90526316,   224.81842105],\n",
       "       [  566.63157895,   312.93684211,   929.82105263,   283.91578947,\n",
       "          129.90526316,   102.69473684,   166.30526316],\n",
       "       [ 1262.31578947,   686.98421053,  1844.02105263,   580.42631579,\n",
       "          224.81842105,   166.30526316,   335.10263158]])"
      ]
     },
     "execution_count": 87,
     "metadata": {},
     "output_type": "execute_result"
    }
   ],
   "source": [
    "# doulbe check with np version\n",
    "X = np.matrix(train) #Dataset in the matrix form\n",
    "X_dm = X - np.mean(X,axis =0)#Normalise the data set to make it with zero mean acroos the tenors\n",
    "Cov_X = np.cov(X_dm, rowvar = False)#Calculate the covariance matrix\n",
    "Cov_X"
   ]
  },
  {
   "cell_type": "code",
   "execution_count": 88,
   "metadata": {},
   "outputs": [
    {
     "data": {
      "text/plain": [
       "array([[ 5159.68421053,  2794.15789474,  7122.10526316,  2268.47368421,\n",
       "          817.68421053,   566.63157895,  1262.31578947],\n",
       "       [ 2794.15789474,  1530.95789474,  3874.70526316,  1239.03157895,\n",
       "          440.85789474,   312.93684211,   686.98421053],\n",
       "       [ 7122.10526316,  3874.70526316, 10552.77894737,  3273.95789474,\n",
       "         1294.03157895,   929.82105263,  1844.02105263],\n",
       "       [ 2268.47368421,  1239.03157895,  3273.95789474,  1031.67368421,\n",
       "          390.99473684,   283.91578947,   580.42631579],\n",
       "       [  817.68421053,   440.85789474,  1294.03157895,   390.99473684,\n",
       "          181.31315789,   129.90526316,   224.81842105],\n",
       "       [  566.63157895,   312.93684211,   929.82105263,   283.91578947,\n",
       "          129.90526316,   102.69473684,   166.30526316],\n",
       "       [ 1262.31578947,   686.98421053,  1844.02105263,   580.42631579,\n",
       "          224.81842105,   166.30526316,   335.10263158]])"
      ]
     },
     "execution_count": 88,
     "metadata": {},
     "output_type": "execute_result"
    }
   ],
   "source": [
    "Cov_X"
   ]
  },
  {
   "cell_type": "code",
   "execution_count": 89,
   "metadata": {},
   "outputs": [
    {
     "data": {
      "text/plain": [
       "array([[ 5159.68421053,  2794.15789474,  7122.10526316,  2268.47368421,\n",
       "          817.68421053,   566.63157895,  1262.31578947],\n",
       "       [ 2794.15789474,  1530.95789474,  3874.70526316,  1239.03157895,\n",
       "          440.85789474,   312.93684211,   686.98421053],\n",
       "       [ 7122.10526316,  3874.70526316, 10552.77894737,  3273.95789474,\n",
       "         1294.03157895,   929.82105263,  1844.02105263],\n",
       "       [ 2268.47368421,  1239.03157895,  3273.95789474,  1031.67368421,\n",
       "          390.99473684,   283.91578947,   580.42631579],\n",
       "       [  817.68421053,   440.85789474,  1294.03157895,   390.99473684,\n",
       "          181.31315789,   129.90526316,   224.81842105],\n",
       "       [  566.63157895,   312.93684211,   929.82105263,   283.91578947,\n",
       "          129.90526316,   102.69473684,   166.30526316],\n",
       "       [ 1262.31578947,   686.98421053,  1844.02105263,   580.42631579,\n",
       "          224.81842105,   166.30526316,   335.10263158]])"
      ]
     },
     "execution_count": 89,
     "metadata": {},
     "output_type": "execute_result"
    }
   ],
   "source": [
    "# double check again with sklearn PCA\n",
    "pca = PCA(n_components=p);\n",
    "pca.fit(train)\n",
    "# get_covariance gives us the sample covariance matrix\n",
    "pca.get_covariance()"
   ]
  },
  {
   "cell_type": "code",
   "execution_count": 90,
   "metadata": {},
   "outputs": [
    {
     "data": {
      "text/plain": [
       "array([[1.        , 0.99416337, 0.96519132, 0.98322069, 0.84539444,\n",
       "        0.77842203, 0.95999182],\n",
       "       [0.99416337, 1.        , 0.96399244, 0.98589253, 0.83676275,\n",
       "        0.78922526, 0.95912721],\n",
       "       [0.96519132, 0.96399244, 1.        , 0.99224403, 0.93550647,\n",
       "        0.89318591, 0.98060372],\n",
       "       [0.98322069, 0.98589253, 0.99224403, 1.        , 0.90403464,\n",
       "        0.87225662, 0.98715875],\n",
       "       [0.84539444, 0.83676275, 0.93550647, 0.90403464, 1.        ,\n",
       "        0.95200229, 0.9120703 ],\n",
       "       [0.77842203, 0.78922526, 0.89318591, 0.87225662, 0.95200229,\n",
       "        1.        , 0.89648491],\n",
       "       [0.95999182, 0.95912721, 0.98060372, 0.98715875, 0.9120703 ,\n",
       "        0.89648491, 1.        ]])"
      ]
     },
     "execution_count": 90,
     "metadata": {},
     "output_type": "execute_result"
    }
   ],
   "source": [
    "# now calculate the sample correlation matrix given by\n",
    "# Cor[train] = (Q^(diag))^-1/2 Q (Q^(diag))^-1/2\n",
    "Q_diag = np.zeros(Q.shape)\n",
    "np.fill_diagonal(Q_diag, np.diagonal(Q))\n",
    "Q_diag_sqrt = np.sqrt(Q_diag)\n",
    "Q_diag_sqrt_inv = np.linalg.inv(Q_diag_sqrt)\n",
    "sample_corr_matrix = np.dot(np.dot(Q_diag_sqrt_inv, Q), Q_diag_sqrt_inv)\n",
    "sample_corr_matrix"
   ]
  },
  {
   "cell_type": "code",
   "execution_count": 91,
   "metadata": {},
   "outputs": [
    {
     "data": {
      "text/plain": [
       "<matplotlib.axes._subplots.AxesSubplot at 0x2ac2c2b9208>"
      ]
     },
     "execution_count": 91,
     "metadata": {},
     "output_type": "execute_result"
    },
    {
     "data": {
